  1  2.75
  2  1.33
  3  2.30
  4  3.47
  5 15.70
  6  0.66
  7  1.07
  8  1.27
  9 11.99
 10  1.23
 11  2.38
 12  3.99
 13  2.88
 14  1.48
 15  3.56
 16  3.00
 17  4.04
 18  1.26
 19  2.26
 20  2.35
 21  0.22
 22  1.24
 23  8.16
 24  8.65
 25  0.41
 26  0.84
 27  0.74
 28  2.80
 29  5.96
 30  0.26
 31  3.72
 32  0.63
 33  1.67
 34 11.23
 35  4.83
 36  1.38
 37  0.09
 38  8.36
 39  3.13
 40 13.11
 41  0.16
 42  9.29
 43  3.24
 44  3.16
 45  0.53
 46 21.23
 47 12.58
 48  5.32
 49  1.17
 50  1.66
 51  0.15
 52  1.44
 53  3.49
 54  9.00
 55  0.38
 56  4.35
 57 23.11
 58  1.19
 59  0.05
 60  5.80
 61  1.53
 62  3.83
 63  8.18
 64  3.96
 65  2.81
 66  2.77
 67  7.77
 68  2.97
 69  1.35
 70  1.46
 71  2.35
 72  1.56
 73  0.51
 74  9.55
 75  6.67
 76  1.11
 77  9.08
 78  5.33
 79  9.60
 80  0.23
 81 13.97
 82 10.76
 83  1.76
 84  2.91
 85  6.34
 86  2.31
 87  0.12
 88  6.17
 89  4.35
 90  0.17
 91  2.51
 92  9.29
 93  4.20
 94  1.12
 95  2.48
 96 29.99
 97  4.90
 98  0.99
 99  2.95
100  9.91

  x̄  = 4.535200
E[X] = 5.000000

At 95% margin of error: 0.98
|1/λ - x̄| = 0.464800

Confidence interval: [ 4.020000 , 5.980000 ]
