  1  1.08
  2  2.16
  3  2.04
  4  1.69
  5  0.64
  6  0.54
  7  0.73
  8  2.65
  9  0.91
 10  0.56
 11  1.99
 12  2.50
 13  1.00
 14  2.22
 15  2.99
 16  0.61
 17  1.41
 18  0.29
 19  2.52
 20  1.51
 21  1.94
 22  1.27
 23  2.85
 24  2.07
 25  0.70
 26  0.41
 27  1.54
 28  2.72
 29  1.98
 30  0.40
 31  0.60
 32  0.06
 33  2.57
 34  2.64
 35  1.75
 36  0.20
 37  0.18
 38  2.47
 39  2.85
 40  1.09
 41  0.04
 42  1.84
 43  0.60
 44  1.04
 45  1.06
 46  0.59
 47  1.64
 48  2.47
 49  0.88
 50  1.16
 51  0.98
 52  2.82
 53  2.42
 54  0.83
 55  1.89
 56  0.13
 57  1.24
 58  0.43
 59  2.85
 60  0.22
 61  0.84
 62  0.45
 63  0.28
 64  0.41
 65  0.09
 66  2.02
 67  0.61
 68  0.27
 69  1.50
 70  0.46
 71  1.36
 72  1.53
 73  2.30
 74  1.96
 75  2.57
 76  0.36
 77  2.55
 78  1.21
 79  2.83
 80  0.43
 81  2.37
 82  0.81
 83  0.25
 84  1.79
 85  1.64
 86  2.14
 87  1.92
 88  2.88
 89  2.58
 90  1.76
 91  0.10
 92  0.42
 93  2.21
 94  0.37
 95  0.82
 96  2.30
 97  2.40
 98  1.43
 99  2.57
100  0.90

  x̄  = 1.411500
E[X] = 1.500000

At 95% margin of error: 0.17
|θ/2 - x̄| = 0.088500

Confidence interval: [ 1.330259 , 1.669741 ]
